
MODEL: adaboost

Accuracy : 0.9363636363636364
Precision: 0.9346432987473792
Recall   : 0.9363636363636364
F1 Score : 0.9340279539581865
