
MODEL: stacking_model

Accuracy : 0.9681818181818181
Precision: 0.9697712773669712
Recall   : 0.9681818181818181
F1 Score : 0.9667089563449405
